57,47	2
36,50	2
26,72	2
65,11	1
83,14	1
64,11	1
6,55	1
11,10	1
60,6	1
70,62	2
71,85	2
36,30	1
7,96	2
58,6	1
78,51	2
93,22	2
13,42	1
3,16	1
97,35	2
97,81	2
94,32	2
68,90	2
7,98	2
90,59	2
98,24	2
90,85	2
6,16	1
11,86	2
64,78	2
71,98	2
82,81	2
13,78	2
86,32	2
16,77	2
92,12	1
91,43	2
50,71	2
96,91	2
29,51	1
12,92	2
40,80	2
38,91	2
93,48	2
43,39	1
29,79	2
67,27	1
88,39	2
40,41	1
98,91	2
46,21	1
11,86	2
39,99	2
56,94	2
96,0	1
100,37	2
55,43	2
59,37	2
96,44	2
68,9	1
81,47	2
29,44	1
75,96	2
38,8	1
48,69	2
44,22	1
71,47	2
39,54	2
93,7	1
47,53	2
9,99	2
54,53	2
24,96	2
71,39	2
10,41	1
11,40	1
5,16	1
14,13	1
56,26	1
66,3	1
89,75	2
90,62	2
57,13	1
22,34	1
65,76	2
31,5	1
2,13	1
62,84	2
8,91	2
43,22	1
85,67	2
29,18	1
41,12	1
24,39	1
43,20	1
45,91	2
58,33	1
86,8	1
44,100	2
58,95	2
53,85	2
