57,47	4
36,50	1
26,72	5
65,11	2
83,14	2
64,11	2
6,55	1
11,10	1
60,6	2
70,62	4
71,85	3
36,30	1
7,96	5
58,6	2
78,51	4
93,22	2
13,42	1
3,16	1
97,35	4
97,81	3
94,32	4
68,90	3
7,98	5
90,59	4
98,24	2
90,85	3
6,16	1
11,86	5
64,78	3
71,98	3
82,81	3
13,78	5
86,32	4
16,77	5
92,12	2
91,43	4
50,71	3
96,91	3
29,51	1
12,92	5
40,80	5
38,91	5
93,48	4
43,39	1
29,79	5
67,27	2
88,39	4
40,41	1
98,91	3
46,21	1
11,86	5
39,99	5
56,94	3
96,0	2
100,37	4
55,43	4
59,37	4
96,44	4
68,9	2
81,47	4
29,44	1
75,96	3
38,8	1
48,69	3
44,22	1
71,47	4
39,54	1
93,7	2
47,53	4
9,99	5
54,53	4
24,96	5
71,39	4
10,41	1
11,40	1
5,16	1
14,13	1
56,26	2
66,3	2
89,75	3
90,62	4
57,13	2
22,34	1
65,76	3
31,5	1
2,13	1
62,84	3
8,91	5
43,22	1
85,67	3
29,18	1
41,12	1
24,39	1
43,20	1
45,91	5
58,33	4
86,8	2
44,100	5
58,95	3
53,85	3
