57,47	1
36,50	1
26,72	4
65,11	2
83,14	2
64,11	2
6,55	1
11,10	3
60,6	3
70,62	2
71,85	4
36,30	1
7,96	4
58,6	3
78,51	2
93,22	2
13,42	1
3,16	3
97,35	2
97,81	4
94,32	2
68,90	4
7,98	4
90,59	2
98,24	2
90,85	4
6,16	3
11,86	4
64,78	4
71,98	4
82,81	4
13,78	4
86,32	2
16,77	4
92,12	2
91,43	2
50,71	4
96,91	4
29,51	1
12,92	4
40,80	4
38,91	4
93,48	2
43,39	1
29,79	4
67,27	2
88,39	2
40,41	1
98,91	4
46,21	3
11,86	4
39,99	4
56,94	4
96,0	2
100,37	2
55,43	1
59,37	2
96,44	2
68,9	2
81,47	2
29,44	1
75,96	4
38,8	3
48,69	4
44,22	3
71,47	2
39,54	1
93,7	2
47,53	1
9,99	4
54,53	1
24,96	4
71,39	2
10,41	1
11,40	1
5,16	3
14,13	3
56,26	2
66,3	2
89,75	4
90,62	2
57,13	3
22,34	1
65,76	4
31,5	3
2,13	3
62,84	4
8,91	4
43,22	3
85,67	2
29,18	3
41,12	3
24,39	1
43,20	3
45,91	4
58,33	2
86,8	2
44,100	4
58,95	4
53,85	4
