57,47	3
36,50	1
26,72	1
65,11	3
83,14	3
64,11	3
6,55	1
11,10	1
60,6	3
70,62	2
71,85	2
36,30	1
7,96	1
58,6	3
78,51	3
93,22	3
13,42	1
3,16	1
97,35	3
97,81	2
94,32	3
68,90	2
7,98	1
90,59	2
98,24	3
90,85	2
6,16	1
11,86	1
64,78	2
71,98	2
82,81	2
13,78	1
86,32	3
16,77	1
92,12	3
91,43	3
50,71	2
96,91	2
29,51	1
12,92	1
40,80	2
38,91	2
93,48	3
43,39	1
29,79	1
67,27	3
88,39	3
40,41	1
98,91	2
46,21	3
11,86	1
39,99	2
56,94	2
96,0	3
100,37	3
55,43	3
59,37	3
96,44	3
68,9	3
81,47	3
29,44	1
75,96	2
38,8	3
48,69	2
44,22	3
71,47	3
39,54	1
93,7	3
47,53	1
9,99	1
54,53	2
24,96	2
71,39	3
10,41	1
11,40	1
5,16	1
14,13	1
56,26	3
66,3	3
89,75	2
90,62	2
57,13	3
22,34	1
65,76	2
31,5	3
2,13	1
62,84	2
8,91	1
43,22	3
85,67	2
29,18	1
41,12	3
24,39	1
43,20	3
45,91	2
58,33	3
86,8	3
44,100	2
58,95	2
53,85	2
