57,47	2
36,50	4
26,72	3
65,11	5
83,14	5
64,11	5
6,55	3
11,10	4
60,6	5
70,62	2
71,85	1
36,30	4
7,96	3
58,6	5
78,51	2
93,22	5
13,42	4
3,16	4
97,35	2
97,81	2
94,32	5
68,90	1
7,98	3
90,59	2
98,24	5
90,85	2
6,16	4
11,86	3
64,78	1
71,98	1
82,81	2
13,78	3
86,32	5
16,77	3
92,12	5
91,43	2
50,71	1
96,91	2
29,51	4
12,92	3
40,80	1
38,91	1
93,48	2
43,39	4
29,79	3
67,27	5
88,39	2
40,41	4
98,91	2
46,21	4
11,86	3
39,99	1
56,94	1
96,0	5
100,37	2
55,43	4
59,37	5
96,44	2
68,9	5
81,47	2
29,44	4
75,96	1
38,8	4
48,69	1
44,22	4
71,47	2
39,54	4
93,7	5
47,53	4
9,99	3
54,53	2
24,96	3
71,39	5
10,41	4
11,40	4
5,16	4
14,13	4
56,26	5
66,3	5
89,75	2
90,62	2
57,13	5
22,34	4
65,76	1
31,5	4
2,13	4
62,84	1
8,91	3
43,22	4
85,67	2
29,18	4
41,12	4
24,39	4
43,20	4
45,91	1
58,33	5
86,8	5
44,100	1
58,95	1
53,85	1
