57,47	4
36,50	1
26,72	1
65,11	4
83,14	3
64,11	4
6,55	1
11,10	5
60,6	4
70,62	2
71,85	2
36,30	5
7,96	1
58,6	4
78,51	3
93,22	3
13,42	5
3,16	5
97,35	3
97,81	2
94,32	3
68,90	2
7,98	1
90,59	3
98,24	3
90,85	2
6,16	5
11,86	1
64,78	2
71,98	2
82,81	2
13,78	1
86,32	3
16,77	1
92,12	3
91,43	3
50,71	2
96,91	2
29,51	1
12,92	1
40,80	1
38,91	1
93,48	3
43,39	4
29,79	1
67,27	4
88,39	3
40,41	4
98,91	2
46,21	4
11,86	1
39,99	1
56,94	2
96,0	3
100,37	3
55,43	4
59,37	4
96,44	3
68,9	4
81,47	3
29,44	5
75,96	2
38,8	5
48,69	2
44,22	4
71,47	4
39,54	1
93,7	3
47,53	4
9,99	1
54,53	4
24,96	1
71,39	4
10,41	5
11,40	5
5,16	5
14,13	5
56,26	4
66,3	4
89,75	2
90,62	2
57,13	4
22,34	5
65,76	2
31,5	5
2,13	5
62,84	2
8,91	1
43,22	4
85,67	2
29,18	5
41,12	5
24,39	5
43,20	4
45,91	2
58,33	4
86,8	3
44,100	2
58,95	2
53,85	2
