57,47	4
36,50	3
26,72	3
65,11	4
83,14	1
64,11	4
6,55	3
11,10	3
60,6	4
70,62	2
71,85	5
36,30	3
7,96	3
58,6	4
78,51	2
93,22	1
13,42	3
3,16	3
97,35	1
97,81	2
94,32	1
68,90	5
7,98	5
90,59	2
98,24	1
90,85	2
6,16	3
11,86	3
64,78	5
71,98	5
82,81	2
13,78	3
86,32	1
16,77	3
92,12	1
91,43	2
50,71	5
96,91	2
29,51	3
12,92	3
40,80	5
38,91	5
93,48	2
43,39	4
29,79	5
67,27	4
88,39	2
40,41	3
98,91	2
46,21	4
11,86	3
39,99	5
56,94	5
96,0	1
100,37	1
55,43	4
59,37	4
96,44	2
68,9	4
81,47	2
29,44	3
75,96	5
38,8	4
48,69	5
44,22	4
71,47	2
39,54	3
93,7	1
47,53	3
9,99	5
54,53	2
24,96	5
71,39	4
10,41	3
11,40	3
5,16	3
14,13	3
56,26	4
66,3	4
89,75	2
90,62	2
57,13	4
22,34	3
65,76	5
31,5	4
2,13	3
62,84	5
8,91	3
43,22	4
85,67	2
29,18	4
41,12	4
24,39	3
43,20	4
45,91	5
58,33	4
86,8	1
44,100	5
58,95	5
53,85	5
