57,47	5
36,50	1
26,72	2
65,11	3
83,14	3
64,11	3
6,55	4
11,10	4
60,6	3
70,62	1
71,85	1
36,30	4
7,96	2
58,6	3
78,51	5
93,22	5
13,42	4
3,16	4
97,35	5
97,81	1
94,32	5
68,90	1
7,98	2
90,59	5
98,24	5
90,85	1
6,16	4
11,86	2
64,78	1
71,98	1
82,81	1
13,78	2
86,32	5
16,77	2
92,12	3
91,43	5
50,71	1
96,91	1
29,51	4
12,92	2
40,80	2
38,91	2
93,48	5
43,39	5
29,79	2
67,27	5
88,39	5
40,41	4
98,91	1
46,21	3
11,86	2
39,99	2
56,94	1
96,0	3
100,37	5
55,43	5
59,37	5
96,44	5
68,9	3
81,47	5
29,44	4
75,96	1
38,8	3
48,69	1
44,22	3
71,47	5
39,54	1
93,7	3
47,53	1
9,99	2
54,53	1
24,96	2
71,39	5
10,41	4
11,40	4
5,16	4
14,13	4
56,26	3
66,3	3
89,75	1
90,62	5
57,13	3
22,34	4
65,76	1
31,5	4
2,13	4
62,84	1
8,91	2
43,22	3
85,67	1
29,18	4
41,12	3
24,39	4
43,20	3
45,91	2
58,33	5
86,8	3
44,100	2
58,95	1
53,85	1
