57,47	1
36,50	2
26,72	2
65,11	4
83,14	4
64,11	4
6,55	2
11,10	3
60,6	4
70,62	1
71,85	1
36,30	3
7,96	2
58,6	4
78,51	1
93,22	4
13,42	2
3,16	2
97,35	4
97,81	1
94,32	4
68,90	1
7,98	1
90,59	1
98,24	4
90,85	1
6,16	3
11,86	2
64,78	1
71,98	1
82,81	1
13,78	2
86,32	4
16,77	2
92,12	4
91,43	4
50,71	1
96,91	1
29,51	2
12,92	1
40,80	1
38,91	1
93,48	1
43,39	3
29,79	1
67,27	4
88,39	4
40,41	3
98,91	1
46,21	3
11,86	2
39,99	1
56,94	1
96,0	4
100,37	4
55,43	3
59,37	4
96,44	4
68,9	4
81,47	1
29,44	2
75,96	1
38,8	3
48,69	1
44,22	3
71,47	1
39,54	2
93,7	4
47,53	1
9,99	1
54,53	1
24,96	1
71,39	4
10,41	2
11,40	2
5,16	3
14,13	3
56,26	4
66,3	4
89,75	1
90,62	1
57,13	4
22,34	2
65,76	1
31,5	3
2,13	3
62,84	1
8,91	2
43,22	3
85,67	1
29,18	3
41,12	3
24,39	2
43,20	3
45,91	1
58,33	4
86,8	4
44,100	1
58,95	1
53,85	1
