57,47	2
36,50	2
26,72	3
65,11	5
83,14	5
64,11	5
6,55	1
11,10	1
60,6	5
70,62	3
71,85	4
36,30	2
7,96	4
58,6	5
78,51	3
93,22	5
13,42	1
3,16	1
97,35	5
97,81	3
94,32	5
68,90	4
7,98	4
90,59	3
98,24	5
90,85	3
6,16	1
11,86	4
64,78	3
71,98	4
82,81	3
13,78	4
86,32	5
16,77	4
92,12	5
91,43	5
50,71	3
96,91	4
29,51	2
12,92	4
40,80	4
38,91	4
93,48	5
43,39	2
29,79	4
67,27	5
88,39	5
40,41	2
98,91	4
46,21	2
11,86	4
39,99	4
56,94	4
96,0	5
100,37	5
55,43	2
59,37	2
96,44	5
68,9	5
81,47	5
29,44	2
75,96	4
38,8	1
48,69	3
44,22	2
71,47	3
39,54	2
93,7	5
47,53	2
9,99	4
54,53	2
24,96	4
71,39	5
10,41	1
11,40	1
5,16	1
14,13	1
56,26	5
66,3	5
89,75	3
90,62	3
57,13	5
22,34	1
65,76	3
31,5	1
2,13	1
62,84	4
8,91	4
43,22	2
85,67	3
29,18	1
41,12	1
24,39	1
43,20	2
45,91	4
58,33	2
86,8	5
44,100	4
58,95	4
53,85	4
