57,47	3
36,50	2
26,72	2
65,11	1
83,14	3
64,11	1
6,55	2
11,10	1
60,6	1
70,62	4
71,85	4
36,30	1
7,96	2
58,6	1
78,51	3
93,22	3
13,42	2
3,16	2
97,35	3
97,81	4
94,32	3
68,90	4
7,98	2
90,59	3
98,24	3
90,85	4
6,16	2
11,86	2
64,78	4
71,98	4
82,81	4
13,78	2
86,32	3
16,77	2
92,12	3
91,43	3
50,71	4
96,91	4
29,51	2
12,92	2
40,80	4
38,91	4
93,48	3
43,39	1
29,79	2
67,27	1
88,39	3
40,41	1
98,91	4
46,21	1
11,86	2
39,99	4
56,94	4
96,0	3
100,37	3
55,43	1
59,37	1
96,44	3
68,9	1
81,47	3
29,44	2
75,96	4
38,8	1
48,69	4
44,22	1
71,47	3
39,54	2
93,7	3
47,53	4
9,99	2
54,53	4
24,96	4
71,39	3
10,41	2
11,40	2
5,16	2
14,13	1
56,26	1
66,3	1
89,75	4
90,62	3
57,13	1
22,34	2
65,76	4
31,5	1
2,13	2
62,84	4
8,91	2
43,22	1
85,67	3
29,18	1
41,12	1
24,39	2
43,20	1
45,91	4
58,33	1
86,8	3
44,100	4
58,95	4
53,85	4
