57,47	5
36,50	2
26,72	4
65,11	5
83,14	1
64,11	5
6,55	2
11,10	2
60,6	5
70,62	3
71,85	3
36,30	5
7,96	4
58,6	5
78,51	1
93,22	1
13,42	2
3,16	2
97,35	1
97,81	3
94,32	1
68,90	3
7,98	4
90,59	1
98,24	1
90,85	3
6,16	2
11,86	4
64,78	3
71,98	3
82,81	3
13,78	4
86,32	1
16,77	4
92,12	1
91,43	1
50,71	3
96,91	3
29,51	2
12,92	4
40,80	4
38,91	4
93,48	1
43,39	5
29,79	4
67,27	5
88,39	1
40,41	5
98,91	3
46,21	5
11,86	4
39,99	4
56,94	3
96,0	1
100,37	1
55,43	5
59,37	5
96,44	1
68,9	5
81,47	1
29,44	2
75,96	3
38,8	5
48,69	3
44,22	5
71,47	1
39,54	2
93,7	1
47,53	5
9,99	4
54,53	5
24,96	4
71,39	1
10,41	2
11,40	2
5,16	2
14,13	2
56,26	5
66,3	5
89,75	3
90,62	3
57,13	5
22,34	2
65,76	3
31,5	5
2,13	2
62,84	3
8,91	4
43,22	5
85,67	3
29,18	2
41,12	5
24,39	2
43,20	5
45,91	4
58,33	5
86,8	1
44,100	4
58,95	3
53,85	3
